TC          = 0.04;
TFIN        = 10;
VAR_STATO   = 0.01;
VAR_MISURA  = 1;
BEACON      = [-2.45 -2.15 -1.4
               -1.9   2.3  -1.4
                1.6   2.3  -1.4
                2.4  -2.07 -1.4];   
            